Ticker	Date	Open	High	Low	Close	Volume	AdjClose
LCC	12/31/2012	12.85	13.68	12.84	13.5	7005600	13.5
LCC	12/28/2012	13	13.04	12.65	12.79	4261800	12.79
LCC	12/27/2012	13.24	13.36	12.87	13.1	3663200	13.1
LCC	12/26/2012	13.25	13.49	13.16	13.23	1978800	13.23
LCC	12/24/2012	13.34	13.55	13.25	13.33	1158400	13.33
LCC	12/21/2012	13.25	13.52	13.24	13.44	6081200	13.44
LCC	12/20/2012	13.49	13.75	13.43	13.54	8658800	13.54
LCC	12/19/2012	12.97	13.67	12.95	13.48	9147700	13.48
LCC	12/18/2012	12.85	12.95	12.77	12.95	5615000	12.95
LCC	12/17/2012	13.1	13.22	12.73	12.79	7924700	12.79
LCC	12/14/2012	12.95	13.15	12.82	12.83	4226800	12.83
LCC	12/13/2012	12.76	13.07	12.67	12.97	6238500	12.97
LCC	12/12/2012	12.89	13.08	12.65	12.7	4651700	12.7
LCC	12/11/2012	12.86	13.26	12.75	12.88	6704500	12.88
LCC	12/10/2012	12.79	13.05	12.6	12.78	4620200	12.78
LCC	12/7/2012	12.66	13.05	12.45	12.77	9250800	12.77
LCC	12/6/2012	12.13	12.68	12.1	12.61	7057000	12.61
LCC	12/5/2012	12.46	12.52	11.97	12.11	6484300	12.11
LCC	12/4/2012	12.72	12.89	12.06	12.38	5775300	12.38
LCC	12/3/2012	12.92	12.92	12.62	12.66	3167000	12.66
LCC	11/30/2012	12.98	13.03	12.75	12.89	4889700	12.89
LCC	11/29/2012	12.98	13.09	12.81	13	4453200	13
LCC	11/28/2012	12.71	12.98	12.61	12.97	4663100	12.97
LCC	11/27/2012	12.54	12.92	12.4	12.72	4426600	12.72
LCC	11/26/2012	12.41	13	12.2	12.92	7475600	12.92
LCC	11/23/2012	12.48	12.57	12.36	12.5	1464800	12.5
LCC	11/21/2012	12.47	12.52	12.28	12.47	3141200	12.47
LCC	11/20/2012	12.04	12.52	11.97	12.49	4975500	12.49
LCC	11/19/2012	11.78	12.07	11.7	12.07	3719000	12.07
LCC	11/16/2012	12.02	12.03	11.52	11.76	5440000	11.76
LCC	11/15/2012	12.03	12.48	12	12.06	5942800	12.06
LCC	11/14/2012	12.65	12.9	11.99	12.01	8794800	12.01
LCC	11/13/2012	12.34	12.82	12.28	12.59	6257900	12.59
LCC	11/12/2012	12.72	12.81	12.28	12.29	6752100	12.29
LCC	11/9/2012	12.94	13.19	12.53	12.61	6560000	12.61
LCC	11/8/2012	12.5	13.14	12.46	13.02	10188000	13.02
LCC	11/7/2012	12.55	12.68	12.18	12.59	7272000	12.59
LCC	11/6/2012	12.61	12.69	12.5	12.67	3449100	12.67
LCC	11/5/2012	12.57	12.78	12.53	12.64	4571300	12.64
LCC	11/2/2012	12.6	12.69	12.38	12.53	4813500	12.53
LCC	11/1/2012	12.17	12.59	12.06	12.55	5001800	12.55
LCC	10/31/2012	11.8	12.23	11.55	12.18	5144500	12.18
LCC	10/26/2012	12.23	12.34	11.78	11.92	5664500	11.92
LCC	10/25/2012	12.23	12.37	11.89	11.97	5623700	11.97
LCC	10/24/2012	12.37	12.63	12.09	12.37	11283300	12.37
LCC	10/23/2012	11.87	12.17	11.61	12.09	7749700	12.09
LCC	10/22/2012	11.49	11.97	11.45	11.92	4677500	11.92
LCC	10/19/2012	11.63	11.77	11.33	11.47	3807900	11.47
LCC	10/18/2012	11.63	12.12	11.6	11.72	6363500	11.72
LCC	10/17/2012	11.46	11.79	11.25	11.62	4610600	11.62
LCC	10/16/2012	11.46	11.59	11.33	11.58	3401000	11.58
LCC	10/15/2012	11.47	11.66	11.29	11.42	3734800	11.42
LCC	10/12/2012	11.2	11.49	11.13	11.36	3540300	11.36
LCC	10/11/2012	11.35	11.52	11.01	11.17	4540700	11.17
LCC	10/10/2012	11.3	11.43	11.07	11.34	3567500	11.34
LCC	10/9/2012	11.57	11.57	11.14	11.3	4592900	11.3
LCC	10/8/2012	11.76	11.84	11.52	11.57	2946500	11.57
LCC	10/5/2012	11.79	12.22	11.61	11.66	6819600	11.66
LCC	10/4/2012	11.83	11.93	11.55	11.67	6893400	11.67
LCC	10/3/2012	11.12	11.88	11.07	11.78	13775400	11.78
LCC	10/2/2012	10.77	11.13	10.64	10.88	4690000	10.88
LCC	10/1/2012	10.35	10.84	10.32	10.75	6120000	10.75
LCC	9/28/2012	10.31	10.5	10.15	10.46	4404600	10.46
LCC	9/27/2012	10.43	10.51	10.26	10.36	4036000	10.36
LCC	9/26/2012	10.31	10.59	10.31	10.5	4038400	10.5
LCC	9/25/2012	10.56	10.7	10.28	10.28	5187200	10.28
LCC	9/24/2012	10.66	10.94	10.35	10.51	5220900	10.51
LCC	9/21/2012	10.83	10.85	10.55	10.67	6524500	10.67
LCC	9/20/2012	10.87	10.92	10.66	10.68	4523100	10.68
LCC	9/19/2012	10.53	11.24	10.47	10.97	10926500	10.97
LCC	9/18/2012	10.46	10.68	10.2	10.31	6980600	10.31
LCC	9/17/2012	10.63	10.78	10.19	10.56	10504800	10.56
LCC	9/14/2012	11.17	11.18	10.49	10.53	13641000	10.53
LCC	9/13/2012	11.81	11.81	11.2	11.25	8627500	11.25
LCC	9/12/2012	11.65	11.91	11.58	11.82	5036100	11.82
LCC	9/11/2012	11.96	12.04	11.53	11.62	8012700	11.62
LCC	9/10/2012	12.1	12.48	11.89	12	9006400	12
LCC	9/7/2012	11.39	12.2	11.33	12.14	8939100	12.14
LCC	9/6/2012	10.95	11.55	10.95	11.42	9613800	11.42
LCC	9/5/2012	10.4	11.28	10.39	11.22	8286800	11.22
LCC	9/4/2012	10.61	10.67	10.22	10.45	4713400	10.45
LCC	8/31/2012	10.89	11	10.53	10.66	6248300	10.66
LCC	8/30/2012	10.41	10.47	10.1	10.4	5385700	10.4
LCC	8/29/2012	10.8	11	10.41	10.45	5761100	10.45
LCC	8/28/2012	10.99	11.19	10.74	10.81	7974300	10.81
LCC	8/27/2012	11.16	11.36	10.93	11.04	5707100	11.04
LCC	8/24/2012	11	11.23	10.9	11.11	4722300	11.11
LCC	8/23/2012	11.65	11.75	11	11.04	6695000	11.04
LCC	8/22/2012	11.34	11.73	11.21	11.61	10711700	11.61
LCC	8/21/2012	10.63	11.5	10.63	11.42	19958800	11.42
LCC	8/20/2012	10.08	10.69	10.07	10.59	7545600	10.59
LCC	8/17/2012	9.94	10.09	9.9	10.08	7573800	10.08
LCC	8/16/2012	10.26	10.4	9.9	9.91	7958300	9.91
LCC	8/15/2012	10.08	10.23	10.06	10.15	3696700	10.15
LCC	8/14/2012	10.17	10.38	10.04	10.12	4193700	10.12
LCC	8/13/2012	10.2	10.39	9.95	10.12	6249800	10.12
LCC	8/10/2012	10.17	10.29	10.04	10.07	6333900	10.07
LCC	8/9/2012	10.36	10.56	10.01	10.05	5483200	10.05
LCC	8/8/2012	9.93	10.69	9.81	10.4	9183300	10.4
LCC	8/7/2012	10.84	10.84	9.74	9.94	15827900	9.94
LCC	8/6/2012	10.94	11.12	10.8	10.81	5529000	10.81
LCC	8/3/2012	10.82	11.05	10.72	10.89	4475200	10.89
LCC	8/2/2012	10.73	11.13	10.61	10.68	6665600	10.68
LCC	8/1/2012	11.29	11.29	10.76	10.83	8123600	10.83
LCC	7/31/2012	11.31	11.63	11.16	11.46	6818400	11.46
LCC	7/30/2012	11.3	11.41	11.07	11.29	4354100	11.29
LCC	7/27/2012	11.34	11.54	11.14	11.35	5844700	11.35
LCC	7/26/2012	11.31	11.31	10.59	11.19	10942700	11.19
LCC	7/25/2012	12.17	12.49	10.96	11.15	17717800	11.15
LCC	7/24/2012	12.05	12.1	11.37	11.59	7879600	11.59
LCC	7/23/2012	11.88	12.37	11.54	12.08	9005300	12.08
LCC	7/20/2012	12.42	12.69	11.87	12.01	10048400	12.01
LCC	7/19/2012	13.58	13.75	12.43	12.5	13748800	12.5
LCC	7/18/2012	14.01	14.2	13.2	13.42	11240100	13.42
LCC	7/17/2012	14.2	14.25	13.84	14.07	7634500	14.07
LCC	7/16/2012	14.4	14.5	13.99	14.09	9171500	14.09
LCC	7/13/2012	14.06	14.51	14.06	14.45	6694600	14.45
LCC	7/12/2012	13.98	14.25	13.7	13.97	8067800	13.97
LCC	7/11/2012	13.86	14.42	13.85	14.12	9101100	14.12
LCC	7/10/2012	13.55	13.96	13.36	13.91	11868900	13.91
LCC	7/9/2012	13.82	13.88	13.27	13.49	7933800	13.49
LCC	7/6/2012	13.31	14.09	13.31	13.87	11326900	13.87
LCC	7/5/2012	13.25	13.57	12.88	13.47	8573800	13.47
LCC	7/3/2012	13.49	13.54	13.02	13.21	8305000	13.21
LCC	7/2/2012	13.43	13.81	13.34	13.55	10702300	13.55
LCC	6/29/2012	13.51	13.8	13.21	13.33	9455200	13.33
LCC	6/28/2012	13.13	13.44	12.78	13.4	9192300	13.4
LCC	6/27/2012	12.79	13.33	12.62	13.31	7264900	13.31
LCC	6/26/2012	12.83	13.2	12.78	12.88	8187700	12.88
LCC	6/25/2012	13	13.05	12.57	12.65	5882000	12.65
LCC	6/22/2012	13.26	13.75	12.84	13.17	14666900	13.17
LCC	6/21/2012	13.2	13.78	13.2	13.47	13129800	13.47
LCC	6/20/2012	12.65	13.11	12.45	13.03	8589200	13.03
LCC	6/19/2012	12.5	12.78	12.24	12.7	11647400	12.7
LCC	6/18/2012	12.03	12.52	11.83	12.5	7784900	12.5
LCC	6/15/2012	12.39	12.55	11.9	12.03	7497600	12.03
LCC	6/14/2012	12.06	12.55	12.05	12.48	8775200	12.48
LCC	6/13/2012	11.58	12.53	11.5	11.97	17599000	11.97
LCC	6/12/2012	11.49	11.87	11.33	11.43	7488200	11.43
LCC	6/11/2012	12.22	12.42	11.35	11.36	7708500	11.36
LCC	6/8/2012	11.34	12.23	11.18	12.15	9863800	12.15
LCC	6/7/2012	11.82	12.17	11.28	11.28	8513300	11.28
LCC	6/6/2012	11.82	11.89	11.58	11.78	5216300	11.78
LCC	6/5/2012	11.28	11.74	11.18	11.62	5680300	11.62
LCC	6/4/2012	12.63	12.63	11.12	11.18	13603800	11.18
LCC	6/1/2012	13.01	13.05	12.34	12.64	11998500	12.64
LCC	5/31/2012	12.76	13.36	12.51	13.22	9914700	13.22
LCC	5/30/2012	12.6	12.85	12.46	12.69	8895400	12.69
LCC	5/29/2012	12.41	12.67	12.22	12.62	7147600	12.62
LCC	5/25/2012	12.16	12.4	11.96	12.3	8341300	12.3
LCC	5/24/2012	11.19	12.23	11.13	12.16	17085400	12.16
LCC	5/23/2012	10.5	11	10.28	11	7233000	11
LCC	5/22/2012	10.75	10.97	10.53	10.62	6227400	10.62
LCC	5/21/2012	10.07	10.75	10.07	10.71	8290100	10.71
LCC	5/18/2012	10.23	10.4	9.65	10.06	10813400	10.06
LCC	5/17/2012	11.22	11.26	10.04	10.19	15646000	10.19
LCC	5/16/2012	11.12	11.59	11.12	11.13	7514900	11.13
LCC	5/15/2012	11.23	11.3	10.9	11.13	7714900	11.13
LCC	5/14/2012	11.44	11.73	11.24	11.24	7571500	11.24
LCC	5/11/2012	10.82	11.47	10.81	11.32	8392100	11.32
LCC	5/10/2012	10.92	11	10.72	10.93	5759600	10.93
LCC	5/9/2012	10.9	10.96	10.57	10.79	6549600	10.79
LCC	5/8/2012	11	11.21	10.95	11.02	7000900	11.02
LCC	5/7/2012	10.65	11.13	10.65	11.1	6200000	11.1
LCC	5/4/2012	10.73	10.94	10.65	10.7	8816800	10.7
LCC	5/3/2012	10.35	10.75	10.21	10.71	11508500	10.71
LCC	5/2/2012	10.15	10.38	10.06	10.26	4192500	10.26
LCC	5/1/2012	10.28	10.5	10.14	10.16	7059400	10.16
LCC	4/30/2012	10.27	10.38	10.19	10.26	8214700	10.26
LCC	4/27/2012	9.84	10.44	9.64	10.31	12075900	10.31
LCC	4/26/2012	9.53	10.05	9.42	9.8	10556800	9.8
LCC	4/25/2012	9.63	9.79	8.99	9.6	14248900	9.6
LCC	4/24/2012	9.06	9.52	9.06	9.31	9734800	9.31
LCC	4/23/2012	9.15	9.39	8.95	9.03	8484300	9.03
LCC	4/20/2012	9.77	9.77	9.09	9.34	16056100	9.34
LCC	4/19/2012	8.17	9.74	8.17	9.51	31291800	9.51
LCC	4/18/2012	8.12	8.35	8.1	8.2	4646400	8.2
LCC	4/17/2012	8.17	8.25	8.04	8.18	4940500	8.18
LCC	4/16/2012	7.86	8.17	7.85	8.13	7014600	8.13
LCC	4/13/2012	7.82	7.86	7.7	7.84	4650000	7.84
LCC	4/12/2012	7.65	7.94	7.64	7.89	5342300	7.89
LCC	4/11/2012	7.58	7.78	7.54	7.62	5319100	7.62
LCC	4/10/2012	7.75	7.89	7.45	7.47	7584100	7.47
LCC	4/9/2012	7.75	7.84	7.63	7.75	4174400	7.75
LCC	4/5/2012	7.84	8.04	7.74	7.78	4947900	7.78
LCC	4/4/2012	7.88	7.97	7.81	7.86	8786400	7.86
LCC	4/3/2012	7.49	7.78	7.48	7.74	6951000	7.74
LCC	4/2/2012	7.59	7.71	7.41	7.47	7355100	7.47
LCC	3/30/2012	7.91	7.91	7.56	7.59	6739200	7.59
LCC	3/29/2012	7.72	7.95	7.5	7.89	6150300	7.89
LCC	3/28/2012	7.62	7.97	7.62	7.79	8890700	7.79
LCC	3/27/2012	7.73	7.83	7.53	7.56	4731600	7.56
LCC	3/26/2012	7.63	7.75	7.42	7.73	6153700	7.73
LCC	3/23/2012	7.4	7.58	7.23	7.55	4937700	7.55
LCC	3/22/2012	7.58	7.79	7.28	7.33	6687200	7.33
LCC	3/21/2012	7.66	7.8	7.5	7.63	6737500	7.63
LCC	3/20/2012	7.22	7.77	7.19	7.68	9516200	7.68
LCC	3/19/2012	7.11	7.29	7.05	7.19	4288800	7.19
LCC	3/16/2012	7.64	7.67	7.1	7.15	6904300	7.15
LCC	3/15/2012	7.07	7.74	7.06	7.58	13550500	7.58
LCC	3/14/2012	6.95	7.1	6.78	7.09	6384900	7.09
LCC	3/13/2012	7	7.1	6.85	6.96	5909600	6.96
LCC	3/12/2012	7	7.12	6.87	6.89	5282400	6.89
LCC	3/9/2012	6.95	7.04	6.89	7.03	4508100	7.03
LCC	3/8/2012	6.88	7.06	6.83	6.96	5180700	6.96
LCC	3/7/2012	6.96	7.08	6.85	6.91	5773500	6.91
LCC	3/6/2012	6.92	7.25	6.85	6.88	7993300	6.88
LCC	3/5/2012	7.39	7.39	6.96	6.99	15562100	6.99
LCC	3/2/2012	7.45	7.83	7.39	7.63	7752700	7.63
LCC	3/1/2012	7.45	7.6	7.28	7.41	7718600	7.41
LCC	2/29/2012	7.31	7.62	7.27	7.41	10447500	7.41
LCC	2/28/2012	7.03	7.46	7	7.41	12759000	7.41
LCC	2/27/2012	7.07	7.14	6.9	7	8458200	7
LCC	2/24/2012	7.22	7.4	6.97	6.99	8365000	6.99
LCC	2/23/2012	7.73	7.77	7.22	7.26	12913600	7.26
LCC	2/22/2012	7.9	8.08	7.69	7.7	5383700	7.7
LCC	2/21/2012	8.87	8.89	7.77	7.89	15334800	7.89
LCC	2/17/2012	9.12	9.22	8.85	8.9	4650500	8.9
LCC	2/16/2012	8.85	9.16	8.68	9.1	6667600	9.1
LCC	2/15/2012	9.05	9.19	8.85	8.89	5205200	8.89
LCC	2/14/2012	9.08	9.25	8.89	9	7077500	9
LCC	2/13/2012	8.98	9.23	8.98	9.18	7812300	9.18
LCC	2/10/2012	8.84	9.08	8.75	8.85	8493600	8.85
LCC	2/9/2012	9.15	9.15	8.6	8.96	11884400	8.96
LCC	2/8/2012	9.24	9.26	8.78	9.1	6540500	9.1
LCC	2/7/2012	9.16	9.37	8.94	9.24	5481200	9.24
LCC	2/6/2012	9.61	9.62	9.05	9.15	8942800	9.15
LCC	2/3/2012	9.35	9.91	9.32	9.64	14608000	9.64
LCC	2/2/2012	8.97	9.25	8.84	9.12	9256500	9.12
LCC	2/1/2012	8.47	8.95	8.35	8.9	10240100	8.9
LCC	1/31/2012	8.46	8.5	8.1	8.44	8566500	8.44
LCC	1/30/2012	8.52	8.79	8.31	8.52	12675100	8.52
LCC	1/27/2012	7.8	8.27	7.76	8.18	10372800	8.18
LCC	1/26/2012	7.78	8.27	7.65	7.85	17160200	7.85
LCC	1/25/2012	7	7.94	6.89	7.52	31771200	7.52
LCC	1/24/2012	6.21	6.53	6.11	6.41	5945700	6.41
LCC	1/23/2012	6.43	6.49	6.2	6.26	4500300	6.26
LCC	1/20/2012	6.24	6.57	6.2	6.37	9818500	6.37
LCC	1/19/2012	6.06	6.3	6.03	6.26	4455600	6.26
LCC	1/18/2012	5.86	6.22	5.81	6.04	4910900	6.04
LCC	1/17/2012	6.01	6.02	5.85	5.88	3941400	5.88
LCC	1/13/2012	5.96	6.2	5.91	5.97	6242000	5.97
LCC	1/12/2012	5.9	6.1	5.73	6.05	16413400	6.05
LCC	1/11/2012	5.69	5.94	5.67	5.91	6434400	5.91
LCC	1/10/2012	5.81	5.81	5.61	5.72	6086500	5.72
LCC	1/9/2012	5.56	5.8	5.55	5.72	8029900	5.72
LCC	1/6/2012	5.44	5.67	5.4	5.6	8323000	5.6
LCC	1/5/2012	5.15	5.48	5.07	5.47	8216100	5.47
LCC	1/4/2012	5.09	5.18	4.97	5.03	5268700	5.03
LCC	1/3/2012	5.2	5.22	5.07	5.12	6105900	5.12
